1111111011101011001111111
1000001001100111001000001
1011101000001101001011101
1011101000111001101011101
1011101010110000001011101
1000001000100101101000001
1111111010101010101111111
0000000010001001000000000
1001111111101110111010001
1111110100001011111011010
1100101011000100010101000
1100100000010000101111110
0001111000101001111100111
1100110011001100110011001
1011101101100111011101100
0011000100110011001000011
1101101001100110111110110
0000000010011000100011101
1111111011001100101011001
1000001010111011100011100
1011101011001100111111001
1011101010100100100010000
1011101000110001000111010
1000001001010001100001111
1111111011010101110001001