1
00011111 00000011 00010100 01000111 00001000 00001100 01011111 00101010 00000010 01010100 01010100 00101100 00000110 00001010 00000000 00010011 00010011 00011101 00111000 00000011 00010001 01011001 00011101 01001110 00001010

2
00000011 00001101 00010101 01000111 00011010 01000100 01011100 00110000 00011010 00010000 00011011 00111001 01010010 00010101 00010001 01000000 00010101 00010101 01111111 00011011 00001001 00011100 00010010 01010010 00011000

3
00001011 00010101 01000001 00001011 00011110 00001010 01010111 00101011 00000110 00010000 00011101 00101100 01010010 00010001 00011000 01010110 01000001 00000111 00111110 00000110 00000000 01011001 00000111 01001110 00010010

4
00001001 00000100 01000001 00000110 00010101 00000000 00010000 00101011 00000110 01010101 00001101 01111111 00000101 00000000 00000010 01010110 01000001 00000110 00110000 00000100 00001000 00011000 00000111 01000100 00001110
